00001 1659071542.7179850000 16.7
00002 1659071542.7346850000 16.7
00003 1659071542.7513850000 16.7
00004 1659071542.7680850000 16.7
00005 1659071542.7847850000 16.7
00006 1659071542.8014850000 16.7
00007 1659071542.8181850000 16.7
00008 1659071542.8348851000 16.7
00009 1659071542.8515851000 16.7
00010 1659071542.8682852000 16.7
00011 1659071542.8849852000 16.7
00012 1659071542.9016852000 16.7
00013 1659071542.9183853000 16.7
00014 1659071542.9350853000 16.7
00015 1659071542.9517853000 16.7
00016 1659071542.9684854000 16.7
00017 1659071542.9851854000 16.7
00018 1659071543.0018854000 16.7
00019 1659071543.0185854000 16.7
00020 1659071543.0352855000 16.7
00021 1659071543.0519855000 16.7
00022 1659071543.0686855000 16.7
00023 1659071543.0853856000 16.7
00024 1659071543.1020856000 16.7
00025 1659071543.1187856000 16.7
00026 1659071543.1354856000 16.7
00027 1659071543.1521857000 16.7
00028 1659071543.1688857000 16.7
00029 1659071543.1855857000 16.7
00030 1659071543.2022858000 16.7
00031 1659071543.2189858000 16.7
00032 1659071543.2356858000 16.7
00033 1659071543.2523859000 16.7
00034 1659071543.2690860000 16.7
00035 1659071543.2857860000 16.7
00036 1659071543.3024860000 16.7
00037 1659071543.3191860000 16.7
00038 1659071543.3358860000 16.7
00039 1659071543.3525860000 16.7
00040 1659071543.3692860000 16.7
00041 1659071543.3859860000 16.7
00042 1659071543.4026860000 16.7
00043 1659071543.4193861000 16.7
00044 1659071543.4360862000 16.7
00045 1659071543.4527862000 16.7
00046 1659071543.4694862000 16.7
00047 1659071543.4861863000 16.7
00048 1659071543.5028863000 16.7
00049 1659071543.5195863000 16.7
00050 1659071543.5362864000 16.7
00051 1659071543.5529864000 16.7
00052 1659071543.5696864000 16.7
00053 1659071543.5863864000 16.7
00054 1659071543.6030865000 16.7
00055 1659071543.6197865000 16.7
00056 1659071543.6364865000 16.7
00057 1659071543.6531866000 16.7
00058 1659071543.6698866000 16.7
00059 1659071543.6865866000 16.7
00060 1659071543.7032866000 16.7
00061 1659071543.7199867000 16.7
00062 1659071543.7366867000 16.7
00063 1659071543.7533867000 16.7
00064 1659071543.7700868000 16.7
00065 1659071543.7867868000 16.7
00066 1659071543.8034868000 16.7
00067 1659071543.8201869000 16.7
00068 1659071543.8368870000 16.7
00069 1659071543.8535870000 16.7
00070 1659071543.8702870000 16.7
00071 1659071543.8869870000 16.7
00072 1659071543.9036870000 16.7
00073 1659071543.9203870000 16.7
00074 1659071543.9370870000 16.7
00075 1659071543.9537870000 16.7
00076 1659071543.9704870000 16.7
00077 1659071543.9871871000 16.7
00078 1659071544.0038872000 16.7
00079 1659071544.0205872000 16.7
00080 1659071544.0372872000 16.7
00081 1659071544.0539873000 16.7
00082 1659071544.0706873000 16.7
00083 1659071544.0873873000 16.7
00084 1659071544.1040874000 16.7
00085 1659071544.1207874000 16.7
00086 1659071544.1374874000 16.7
00087 1659071544.1541874000 16.7
00088 1659071544.1708875000 16.7
00089 1659071544.1875875000 16.7
00090 1659071544.2042875000 16.7
00091 1659071544.2209876000 16.7
00092 1659071544.2376876000 16.7
00093 1659071544.2543876000 16.7
00094 1659071544.2710876000 16.7
00095 1659071544.2877877000 16.7
00096 1659071544.3044877000 16.7
00097 1659071544.3211877000 16.7
00098 1659071544.3378878000 16.7
00099 1659071544.3545878000 16.7
00100 1659071544.3712878000 16.7
00101 1659071544.3879879000 16.7
00102 1659071544.4046880000 16.7
00103 1659071544.4213880000 16.7
00104 1659071544.4380880000 16.7
00105 1659071544.4547880000 16.7
00106 1659071544.4714880000 16.7
00107 1659071544.4881880000 16.7
00108 1659071544.5048880000 16.7
00109 1659071544.5215880000 16.7
00110 1659071544.5382880000 16.7
00111 1659071544.5549881000 16.7
00112 1659071544.5716882000 16.7
00113 1659071544.5883882000 16.7
00114 1659071544.6050882000 16.7
00115 1659071544.6217883000 16.7
00116 1659071544.6384883000 16.7
00117 1659071544.6551883000 16.7
00118 1659071544.6718884000 16.7
00119 1659071544.6885884000 16.7
00120 1659071544.7052884000 16.7
00121 1659071544.7219884000 16.7
00122 1659071544.7386885000 16.7
00123 1659071544.7553885000 16.7
00124 1659071544.7720885000 16.7
00125 1659071544.7887886000 16.7
00126 1659071544.8054886000 16.7
00127 1659071544.8221886000 16.7
00128 1659071544.8388886000 16.7
00129 1659071544.8555887000 16.7
00130 1659071544.8722887000 16.7
00131 1659071544.8889887000 16.7
00132 1659071544.9056888000 16.7
00133 1659071544.9223888000 16.7
00134 1659071544.9390888000 16.7
00135 1659071544.9557889000 16.7
00136 1659071544.9724889000 16.7
00137 1659071544.9891890000 16.7
00138 1659071545.0058890000 16.7
00139 1659071545.0225890000 16.7
00140 1659071545.0392890000 16.7
00141 1659071545.0559890000 16.7
00142 1659071545.0726890000 16.7
00143 1659071545.0893890000 16.7
00144 1659071545.1060890000 16.7
00145 1659071545.1227891000 16.7
00146 1659071545.1394892000 16.7
00147 1659071545.1561892000 16.7
00148 1659071545.1728892000 16.7
00149 1659071545.1895893000 16.7
00150 1659071545.2062893000 16.7
00151 1659071545.2229893000 16.7
00152 1659071545.2396894000 16.7
00153 1659071545.2563894000 16.7
00154 1659071545.2730894000 16.7
00155 1659071545.2897894000 16.7
00156 1659071545.3064895000 16.7
00157 1659071545.3231895000 16.7
00158 1659071545.3398895000 16.7
00159 1659071545.3565896000 16.7
00160 1659071545.3732896000 16.7
00161 1659071545.3899896000 16.7
00162 1659071545.4066896000 16.7
00163 1659071545.4233897000 16.7
00164 1659071545.4400897000 16.7
00165 1659071545.4567897000 16.7
00166 1659071545.4734898000 16.7
00167 1659071545.4901898000 16.7
00168 1659071545.5068898000 16.7
00169 1659071545.5235898000 16.7
00170 1659071545.5402899000 16.7
00171 1659071545.5569900000 16.7
00172 1659071545.5736900000 16.7
00173 1659071545.5903900000 16.7
00174 1659071545.6070900000 16.7
00175 1659071545.6237900000 16.7
00176 1659071545.6404900000 16.7
00177 1659071545.6571900000 16.7
00178 1659071545.6738900000 16.7
00179 1659071545.6905901000 16.7
00180 1659071545.7072902000 16.7
00181 1659071545.7239902000 16.7
00182 1659071545.7406902000 16.7
00183 1659071545.7573903000 16.7
00184 1659071545.7740903000 16.7
00185 1659071545.7907903000 16.7
00186 1659071545.8074903000 16.7
00187 1659071545.8241904000 16.7
00188 1659071545.8408904000 16.7
00189 1659071545.8575904000 16.7
00190 1659071545.8742905000 16.7
00191 1659071545.8909905000 16.7
00192 1659071545.9076905000 16.7
00193 1659071545.9243906000 16.7
00194 1659071545.9410906000 16.7
00195 1659071545.9577906000 16.7
00196 1659071545.9744906000 16.7
00197 1659071545.9911907000 16.7
00198 1659071546.0078907000 16.7
00199 1659071546.0245907000 16.7
00200 1659071546.0412908000 16.7
00201 1659071546.0579908000 16.7
00202 1659071546.0746908000 16.7
00203 1659071546.0913908000 16.7
00204 1659071546.1080909000 16.7
00205 1659071546.1247910000 16.7
00206 1659071546.1414910000 16.7
00207 1659071546.1581910000 16.7
00208 1659071546.1748910000 16.7
00209 1659071546.1915910000 16.7
00210 1659071546.2082910000 16.7
00211 1659071546.2249910000 16.7
00212 1659071546.2416910000 16.7
00213 1659071546.2583911000 16.7
00214 1659071546.2750912000 16.7
00215 1659071546.2917912000 16.7
00216 1659071546.3084912000 16.7
00217 1659071546.3251913000 16.7
00218 1659071546.3418913000 16.7
00219 1659071546.3585913000 16.7
00220 1659071546.3752913000 16.7
00221 1659071546.3919914000 16.7
00222 1659071546.4086914000 16.7
00223 1659071546.4253914000 16.7
00224 1659071546.4420915000 16.7
00225 1659071546.4587915000 16.7
00226 1659071546.4754915000 16.7
00227 1659071546.4921916000 16.7
00228 1659071546.5088916000 16.7
00229 1659071546.5255916000 16.7
00230 1659071546.5422916000 16.7
00231 1659071546.5589917000 16.7
00232 1659071546.5756917000 16.7
00233 1659071546.5923917000 16.7
00234 1659071546.6090918000 16.7
00235 1659071546.6257918000 16.7
00236 1659071546.6424918000 16.7
00237 1659071546.6591918000 16.7
00238 1659071546.6758919000 16.7
00239 1659071546.6925920000 16.7
00240 1659071546.7092920000 16.7
00241 1659071546.7259920000 16.7
00242 1659071546.7426920000 16.7
00243 1659071546.7593920000 16.7
00244 1659071546.7760920000 16.7
00245 1659071546.7927920000 16.7
00246 1659071546.8094920000 16.7
00247 1659071546.8261921000 16.7
00248 1659071546.8428922000 16.7
00249 1659071546.8595922000 16.7
00250 1659071546.8762922000 16.7
00251 1659071546.8929923000 16.7
00252 1659071546.9096923000 16.7
00253 1659071546.9263923000 16.7
00254 1659071546.9430923000 16.7
00255 1659071546.9597924000 16.7
00256 1659071546.9764924000 16.7
00257 1659071546.9931924000 16.7
00258 1659071547.0098925000 16.7
00259 1659071547.0265925000 16.7
00260 1659071547.0432925000 16.7
00261 1659071547.0599926000 16.7
00262 1659071547.0766926000 16.7
00263 1659071547.0933926000 16.7
00264 1659071547.1100926000 16.7
00265 1659071547.1267927000 16.7
00266 1659071547.1434927000 16.7
00267 1659071547.1601927000 16.7
00268 1659071547.1768928000 16.7
00269 1659071547.1935928000 16.7
00270 1659071547.2102928000 16.7
00271 1659071547.2269928000 16.7
00272 1659071547.2436929000 16.7
00273 1659071547.2603930000 16.7
00274 1659071547.2770930000 16.7
00275 1659071547.2937930000 16.7
00276 1659071547.3104930000 16.7
00277 1659071547.3271930000 16.7
00278 1659071547.3438930000 16.7
00279 1659071547.3605930000 16.7
00280 1659071547.3772930000 16.7
00281 1659071547.3939931000 16.7
00282 1659071547.4106932000 16.7
00283 1659071547.4273932000 16.7
00284 1659071547.4440932000 16.7
00285 1659071547.4607933000 16.7
00286 1659071547.4774933000 16.7
00287 1659071547.4941933000 16.7
00288 1659071547.5108933000 16.7
00289 1659071547.5275934000 16.7
00290 1659071547.5442934000 16.7
00291 1659071547.5609934000 16.7
00292 1659071547.5776935000 16.7
00293 1659071547.5943935000 16.7
00294 1659071547.6110935000 16.7
00295 1659071547.6277936000 16.7
00296 1659071547.6444936000 16.7
00297 1659071547.6611936000 16.7
00298 1659071547.6778936000 16.7
00299 1659071547.6945937000 16.7
00300 1659071547.7112937000 16.7
00301 1659071547.7279937000 16.7
00302 1659071547.7446938000 16.7
00303 1659071547.7613938000 16.7
00304 1659071547.7780938000 16.7
00305 1659071547.7947938000 16.7
00306 1659071547.8114939000 16.7
00307 1659071547.8281940000 16.7
00308 1659071547.8448940000 16.7
00309 1659071547.8615940000 16.7
00310 1659071547.8782940000 16.7
00311 1659071547.8949940000 16.7
00312 1659071547.9116940000 16.7
00313 1659071547.9283940000 16.7
00314 1659071547.9450940000 16.7
00315 1659071547.9617941000 16.7
00316 1659071547.9784942000 16.7
00317 1659071547.9951942000 16.7
00318 1659071548.0118942000 16.7
00319 1659071548.0285943000 16.7
00320 1659071548.0452943000 16.7
00321 1659071548.0619943000 16.7
00322 1659071548.0786943000 16.7
00323 1659071548.0953944000 16.7
00324 1659071548.1120944000 16.7
00325 1659071548.1287944000 16.7
00326 1659071548.1454945000 16.7
00327 1659071548.1621945000 16.7
00328 1659071548.1788945000 16.7
00329 1659071548.1955945000 16.7
00330 1659071548.2122946000 16.7
00331 1659071548.2289946000 16.7
00332 1659071548.2456946000 16.7
00333 1659071548.2623947000 16.7
00334 1659071548.2790947000 16.7
00335 1659071548.2957947000 16.7
00336 1659071548.3124948000 16.7
00337 1659071548.3291948000 16.7
00338 1659071548.3458948000 16.7
00339 1659071548.3625948000 16.7
00340 1659071548.3792949000 16.7
00341 1659071548.3959950000 16.7
00342 1659071548.4126950000 16.7
00343 1659071548.4293950000 16.7
00344 1659071548.4460950000 16.7
00345 1659071548.4627950000 16.7
00346 1659071548.4794950000 16.7
00347 1659071548.4961950000 16.7
00348 1659071548.5128950000 16.7
00349 1659071548.5295951000 16.7
00350 1659071548.5462952000 16.7
00351 1659071548.5629952000 16.7
00352 1659071548.5796952000 16.7
00353 1659071548.5963953000 16.7
00354 1659071548.6130953000 16.7
00355 1659071548.6297953000 16.7
00356 1659071548.6464953000 16.7
00357 1659071548.6631954000 16.7
00358 1659071548.6798954000 16.7
00359 1659071548.6965954000 16.7
00360 1659071548.7132955000 16.7
00361 1659071548.7299955000 16.7
00362 1659071548.7466955000 16.7
00363 1659071548.7633955000 16.7
00364 1659071548.7800956000 16.7
00365 1659071548.7967956000 16.7
00366 1659071548.8134956000 16.7
00367 1659071548.8301957000 16.7
00368 1659071548.8468957000 16.7
00369 1659071548.8635957000 16.7
00370 1659071548.8802958000 16.7
00371 1659071548.8969958000 16.7
00372 1659071548.9136958000 16.7
00373 1659071548.9303958000 16.7
00374 1659071548.9470959000 16.7
00375 1659071548.9637960000 16.7
00376 1659071548.9804960000 16.7
00377 1659071548.9971960000 16.7
00378 1659071549.0138960000 16.7
00379 1659071549.0305960000 16.7
00380 1659071549.0472960000 16.7
00381 1659071549.0639960000 16.7
00382 1659071549.0806960000 16.7
00383 1659071549.0973961000 16.7
00384 1659071549.1140962000 16.7
00385 1659071549.1307962000 16.7
00386 1659071549.1474962000 16.7
00387 1659071549.1641963000 16.7
00388 1659071549.1808963000 16.7
00389 1659071549.1975963000 16.7
00390 1659071549.2142963000 16.7
00391 1659071549.2309964000 16.7
00392 1659071549.2476964000 16.7
00393 1659071549.2643964000 16.7
00394 1659071549.2810965000 16.7
00395 1659071549.2977965000 16.7
00396 1659071549.3144965000 16.7
00397 1659071549.3311965000 16.7
00398 1659071549.3478966000 16.7
00399 1659071549.3645966000 16.7
00400 1659071549.3812966000 16.7
00401 1659071549.3979967000 16.7
00402 1659071549.4146967000 16.7
00403 1659071549.4313967000 16.7
00404 1659071549.4480968000 16.7
00405 1659071549.4647968000 16.7
00406 1659071549.4814968000 16.7
00407 1659071549.4981968000 16.7
00408 1659071549.5148969000 16.7
00409 1659071549.5315970000 16.7
00410 1659071549.5482970000 16.7
00411 1659071549.5649970000 16.7
00412 1659071549.5816970000 16.7
00413 1659071549.5983970000 16.7
00414 1659071549.6150970000 16.7
00415 1659071549.6317970000 16.7
00416 1659071549.6484970000 16.7
00417 1659071549.6651971000 16.7
00418 1659071549.6818972000 16.7
00419 1659071549.6985972000 16.7
00420 1659071549.7152972000 16.7
00421 1659071549.7319973000 16.7
00422 1659071549.7486973000 16.7
00423 1659071549.7653973000 16.7
00424 1659071549.7820973000 16.7
00425 1659071549.7987974000 16.7
00426 1659071549.8154974000 16.7
00427 1659071549.8321974000 16.7
00428 1659071549.8488975000 16.7
00429 1659071549.8655975000 16.7
00430 1659071549.8822975000 16.7
00431 1659071549.8989975000 16.7
00432 1659071549.9156976000 16.7
00433 1659071549.9323976000 16.7
00434 1659071549.9490976000 16.7
00435 1659071549.9657977000 16.7
00436 1659071549.9824977000 16.7
00437 1659071549.9991977000 16.7
00438 1659071550.0158978000 16.7
00439 1659071550.0325978000 16.7
00440 1659071550.0492978000 16.7
00441 1659071550.0659978000 16.7
00442 1659071550.0826979000 16.7
00443 1659071550.0993980000 16.7
00444 1659071550.1160980000 16.7
00445 1659071550.1327980000 16.7
00446 1659071550.1494980000 16.7
00447 1659071550.1661980000 16.7
00448 1659071550.1828980000 16.7
00449 1659071550.1995980000 16.7
00450 1659071550.2162980000 16.7
00451 1659071550.2329981000 16.7
00452 1659071550.2496982000 16.7
00453 1659071550.2663982000 16.7
00454 1659071550.2830982000 16.7
00455 1659071550.2997983000 16.7
00456 1659071550.3164983000 16.7
00457 1659071550.3331983000 16.7
00458 1659071550.3498983000 16.7
